[13:16:22,258] 01 10 16 20 00 01 02 00 00 D6 F1
[13:16:23,067] 01 10 16 20 00 01 02 00 00 D6 F1
[13:16:23,883] 01 10 16 20 00 01 02 00 00 D6 F1
[13:16:24,693] 01 10 16 20 00 01 02 00 00 D6 F1
[13:16:25,504] 01 10 16 20 00 01 02 00 00 D6 F1
[13:16:26,316] 01 10 16 20 00 01 02 00 00 D6 F1
[13:16:27,199] 01 10 16 20 00 01 02 00 00 D6 F1
[13:16:28,006] 01 10 16 1E 00 01 02 00 00 D2 2F
[13:16:28,208] 01 10 16 1C 00 01 02 00 00 D3 CD
[13:16:35,184] 01 10 16 1E 00 01 02 00 00 D2 2F
[13:16:35,385] 01 10 16 1C 00 01 02 00 00 D3 CD
[13:16:36,077] 01 10 16 20 00 01 02 00 00 D6 F1
[13:16:36,885] 01 10 16 20 00 01 02 00 00 D6 F1
[13:16:37,695] 01 10 16 20 00 01 02 00 00 D6 F1
[13:16:38,508] 01 10 16 20 00 01 02 00 00 D6 F1
[13:16:39,318] 01 10 16 20 00 01 02 00 00 D6 F1
[13:16:40,136] 01 10 16 20 00 01 02 00 00 D6 F1
[13:16:40,860] 01 10 16 1E 00 01 02 00 00 D2 2F
[13:16:41,061] 01 10 16 1C 00 01 02 00 00 D3 CD
[13:16:46,801] 01 10 16 1C 00 01 02 00 00 D3 CD
[13:16:47,076] 01 10 16 1E 00 01 02 00 00 D2 2F
[13:16:47,519] 01 10 16 20 00 01 02 00 00 D6 F1
[13:16:48,319] 01 10 16 20 00 01 02 00 00 D6 F1
[13:16:49,143] 01 10 16 20 00 01 02 00 00 D6 F1
[13:16:49,887] 01 10 16 20 00 01 02 00 00 D6 F1
[13:16:50,705] 01 10 16 20 00 01 02 00 00 D6 F1
[13:16:51,521] 01 10 16 20 00 01 02 00 00 D6 F1
[13:16:52,403] 01 10 16 20 00 01 02 00 00 D6 F1
[13:16:53,129] 01 10 16 20 00 01 02 00 00 D6 F1
[13:16:53,943] 01 10 16 20 00 01 02 00 00 D6 F1
[13:16:54,757] 01 10 16 20 00 01 02 00 00 D6 F1
[13:16:55,571] 01 10 16 20 00 01 02 00 00 D6 F1
[13:16:56,387] 01 10 16 20 00 01 02 00 00 D6 F1
[13:16:57,201] 01 10 16 20 00 01 02 00 00 D6 F1
[13:16:58,003] 01 10 16 20 00 01 02 00 00 D6 F1
[13:16:58,816] 01 10 16 20 00 01 02 00 00 D6 F1
[13:16:59,633] 01 10 16 20 00 01 02 00 00 D6 F1
[13:17:00,449] 01 10 16 20 00 01 02 00 00 D6 F1
[13:17:01,261] 01 10 16 20 00 01 02 00 00 D6 F1
[13:17:02,076] 01 10 16 20 00 01 02 00 00 D6 F1
[13:17:02,878] 01 10 16 20 00 01 02 00 00 D6 F1
[13:17:03,695] 01 10 16 20 00 01 02 00 00 D6 F1
[13:17:04,508] 01 10 16 20 00 01 02 00 00 D6 F1
[13:17:05,323] 01 10 16 20 00 01 02 00 00 D6 F1
[13:17:06,137] 01 10 16 20 00 01 02 00 00 D6 F1
[13:17:06,950] 01 10 16 20 00 01 02 00 00 D6 F1
[13:17:07,761] 01 10 16 20 00 01 02 00 00 D6 F1
[13:17:08,575] 01 10 16 20 00 01 02 00 00 D6 F1
[13:17:09,390] 01 10 16 20 00 01 02 00 00 D6 F1
[13:17:10,201] 01 10 16 20 00 01 02 00 00 D6 F1
[13:17:11,003] 01 10 16 20 00 01 02 00 00 D6 F1
[13:17:11,817] 01 10 16 20 00 01 02 00 00 D6 F1
[13:17:12,629] 01 10 16 20 00 01 02 00 00 D6 F1
[13:17:13,443] 01 10 16 20 00 01 02 00 00 D6 F1
[13:17:14,263] 01 10 16 20 00 01 02 00 00 D6 F1
[13:17:15,068] 01 10 16 20 00 01 02 00 00 D6 F1
[13:17:15,884] 01 10 16 20 00 01 02 00 00 D6 F1
[13:17:16,699] 01 10 16 20 00 01 02 00 00 D6 F1
[13:17:17,514] 01 10 16 20 00 01 02 00 00 D6 F1
[13:17:18,315] 01 10 16 20 00 01 02 00 00 D6 F1
[13:17:19,134] 01 10 16 20 00 01 02 00 00 D6 F1
[13:17:19,949] 01 10 16 20 00 01 02 00 00 D6 F1
[13:17:20,762] 01 10 16 20 00 01 02 00 00 D6 F1
[13:17:21,576] 01 10 16 20 00 01 02 00 00 D6 F1
[13:17:22,378] 01 10 16 20 00 01 02 00 00 D6 F1
[13:17:23,191] 01 10 16 20 00 01 02 00 00 D6 F1
[13:17:24,009] 01 10 16 20 00 01 02 00 00 D6 F1
[13:17:24,829] 01 10 16 20 00 01 02 00 00 D6 F1
[13:17:25,630] 01 10 16 20 00 01 02 00 00 D6 F1
[13:17:26,442] 01 10 16 20 00 01 02 00 00 D6 F1
[13:17:27,265] 01 10 16 20 00 01 02 00 00 D6 F1
[13:17:28,063] 01 10 16 20 00 01 02 00 00 D6 F1
[13:17:28,878] 01 10 16 20 00 01 02 00 00 D6 F1
[13:17:29,690] 01 10 16 20 00 01 02 00 00 D6 F1
[13:17:30,505] 01 10 16 20 00 01 02 00 00 D6 F1
[13:17:31,317] 01 10 16 20 00 01 02 00 00 D6 F1
[13:17:32,151] 01 10 16 20 00 01 02 00 00 D6 F1
[13:17:32,982] 01 10 16 20 00 01 02 00 00 D6 F1
[13:17:33,784] 01 10 16 20 00 01 02 00 00 D6 F1
[13:17:34,575] 01 10 16 20 00 01 02 00 00 D6 F1
[13:17:35,375] 01 10 16 20 00 01 02 00 00 D6 F1
[13:17:36,188] 01 10 16 20 00 01 02 00 00 D6 F1
[13:17:37,057] 01 10 16 20 00 01 02 00 00 D6 F1
[13:17:37,814] 01 10 16 20 00 01 02 00 00 D6 F1